Cycle,Time,Iso,Sr88,Microns,Fish_id,Watershed,Year,MA
289,151.436,0.70908602816735,0.5451018221786634,302.872,2017_kk_004,Kusko,2017,0.7092822616309473
290,151.96,0.7096799833870667,0.5444177029457585,303.92,2017_kk_004,Kusko,2017,0.7093434831691817
291,152.484,0.7101317073941673,0.5408242756513185,304.968,2017_kk_004,Kusko,2017,0.7093339158016845
292,153.008,0.7094103354809668,0.5455728025729017,306.016,2017_kk_004,Kusko,2017,0.7093437450749875
293,153.532,0.7078770577733634,0.5469245216487287,307.064,2017_kk_004,Kusko,2017,0.7094052915272067
294,154.056,0.710896396259663,0.5490326436490208,308.112,2017_kk_004,Kusko,2017,0.7093439378318502
295,154.58,0.7092657233172666,0.5542324205035719,309.16,2017_kk_004,Kusko,2017,0.7094034776838333
296,155.104,0.7093820991821923,0.5538123594386728,310.208,2017_kk_004,Kusko,2017,0.7093989755791853
297,155.628,0.7081355913709604,0.5488219314003566,311.25600000000003,2017_kk_004,Kusko,2017,0.7093533706119148
298,156.15200000000002,0.7095140255036932,0.5400565255357608,312.30400000000003,2017_kk_004,Kusko,2017,0.7093591506222212
299,156.67600000000002,0.7087307617357821,0.5467981712435908,313.35200000000003,2017_kk_004,Kusko,2017,0.7093711748920799
300,157.20000000000002,0.7093818918402115,0.5474973922772781,314.40000000000003,2017_kk_004,Kusko,2017,0.7093638453355805
301,157.72400000000002,0.7106152806497091,0.5440442639558833,315.44800000000004,2017_kk_004,Kusko,2017,0.7093959005592289
302,158.24800000000002,0.7093236500546537,0.5461931938046484,316.49600000000004,2017_kk_004,Kusko,2017,0.7093858061651771
303,158.77200000000002,0.709090836423913,0.5473116927222342,317.54400000000004,2017_kk_004,Kusko,2017,0.709407367183893
304,159.29600000000002,0.7109286698018203,0.5420550330477174,318.59200000000004,2017_kk_004,Kusko,2017,0.7094222971018797
305,159.82,0.7083853053026691,0.5463720581737507,319.64,2017_kk_004,Kusko,2017,0.7093906124759406
306,160.344,0.7083930133138125,0.5375399135155949,320.688,2017_kk_004,Kusko,2017,0.7093815220325416
307,160.868,0.7086926031548675,0.5367444305701036,321.736,2017_kk_004,Kusko,2017,0.7093603828764297
308,161.392,0.7091402579924501,0.5395112216291299,322.784,2017_kk_004,Kusko,2017,0.7093802118851426
309,161.916,0.7100958654179604,0.5363342486463486,323.832,2017_kk_004,Kusko,2017,0.7093258567310214
310,162.44,0.7074484980817674,0.525791918630638,324.88,2017_kk_004,Kusko,2017,0.7092900220416655
311,162.964,0.7070347466867002,0.5247452417232682,325.928,2017_kk_004,Kusko,2017,0.7093106888563636
312,163.488,0.7093518883552272,0.5201645310064649,326.976,2017_kk_004,Kusko,2017,0.7093006406814961
313,164.012,0.708880153728352,0.5198125607637729,328.024,2017_kk_004,Kusko,2017,0.7093553872099856
314,164.536,0.7107135453737932,0.5157205146621958,329.072,2017_kk_004,Kusko,2017,0.709327141760083
315,165.06,0.709320880787311,0.5226332375012798,330.12,2017_kk_004,Kusko,2017,0.7093803365236525
316,165.584,0.7121630808595952,0.5208359281691229,331.168,2017_kk_004,Kusko,2017,0.709416834860914
317,166.108,0.7099026906246944,0.5093896196791583,332.216,2017_kk_004,Kusko,2017,0.7094142590915329
318,166.632,0.7077014845082248,0.505901195124313,333.264,2017_kk_004,Kusko,2017,0.7094329827168568
319,167.156,0.7100374032492064,0.5104435273347654,334.312,2017_kk_004,Kusko,2017,0.7094214334529858
320,167.68,0.7110994193129643,0.5099459197895311,335.36,2017_kk_004,Kusko,2017,0.70939616827842
321,168.204,0.7086198068709983,0.5080087044922648,336.408,2017_kk_004,Kusko,2017,0.7093882758305047
322,168.728,0.7085543844615324,0.5001747791615054,337.456,2017_kk_004,Kusko,2017,0.7093914394705199
323,169.252,0.7116216043439956,0.503701576059183,338.504,2017_kk_004,Kusko,2017,0.7094103375932711
324,169.776,0.7079832782378632,0.49946259067112897,339.552,2017_kk_004,Kusko,2017,0.7093993383162307
325,170.3,0.7120699884465461,0.4899262663308148,340.6,2017_kk_004,Kusko,2017,0.7093936741342145
326,170.824,0.7098231367157853,0.4895008201260061,341.648,2017_kk_004,Kusko,2017,0.7094025130808539
327,171.348,0.7086081941266278,0.49178016717837697,342.696,2017_kk_004,Kusko,2017,0.7094413584920541
328,171.872,0.7088674417045795,0.4887082252737805,343.744,2017_kk_004,Kusko,2017,0.7094332767158235
329,172.39600000000002,0.7099758027274164,0.4914271088248376,344.79200000000003,2017_kk_004,Kusko,2017,0.7094439738603638
330,172.92000000000002,0.7096326357558188,0.48666588167832886,345.84000000000003,2017_kk_004,Kusko,2017,0.7094439255587119
331,173.44400000000002,0.7115573451258576,0.487280531150236,346.88800000000003,2017_kk_004,Kusko,2017,0.709400067774915
332,173.96800000000002,0.710622026416158,0.48384142695657306,347.93600000000004,2017_kk_004,Kusko,2017,0.7094035519699019
333,174.49200000000002,0.709891930550111,0.4839256575097268,348.98400000000004,2017_kk_004,Kusko,2017,0.7094016872084257
334,175.01600000000002,0.7083697762772551,0.48949225361210974,350.03200000000004,2017_kk_004,Kusko,2017,0.7093836316538616
335,175.54000000000002,0.7088299360871704,0.48618316924823846,351.08000000000004,2017_kk_004,Kusko,2017,0.709379319799461
336,176.06400000000002,0.7090666453380357,0.49003176412844546,352.12800000000004,2017_kk_004,Kusko,2017,0.7094179101141561
337,176.58800000000002,0.7086323446961942,0.48822122587234534,353.17600000000004,2017_kk_004,Kusko,2017,0.7094417155972572
338,177.112,0.7103788183100549,0.486819146992255,354.224,2017_kk_004,Kusko,2017,0.709452255793019
339,177.636,0.7071718742093758,0.4802580876770126,355.272,2017_kk_004,Kusko,2017,0.7094365649671778
340,178.16,0.7075503852092899,0.4784708199508977,356.32,2017_kk_004,Kusko,2017,0.7094840557346901
341,178.684,0.7105803345032833,0.4803648510822984,357.368,2017_kk_004,Kusko,2017,0.7095548674935582
342,179.208,0.7087582923786151,0.4786690783550052,358.416,2017_kk_004,Kusko,2017,0.709535502308242
343,179.732,0.7118655721048994,0.4771232720640971,359.464,2017_kk_004,Kusko,2017,0.7095114351645722
344,180.256,0.7089465553983436,0.4769558133527145,360.512,2017_kk_004,Kusko,2017,0.7095430254025634
345,180.78,0.7104742030102572,0.4769293745822421,361.56,2017_kk_004,Kusko,2017,0.7095170896035331
346,181.304,0.711491151841915,0.47514137379302773,362.608,2017_kk_004,Kusko,2017,0.7094924512953372
347,181.828,0.7078606850913183,0.4745058062150419,363.656,2017_kk_004,Kusko,2017,0.7094705831977096
348,182.352,0.7083639379797162,0.4807410965457544,364.704,2017_kk_004,Kusko,2017,0.7094901475094517
349,182.876,0.7083930723350875,0.48138765919731275,365.752,2017_kk_004,Kusko,2017,0.7094788983990468
350,183.4,0.7081640729131189,0.4853127522295306,366.8,2017_kk_004,Kusko,2017,0.7094628373505648
351,183.924,0.7096581605192542,0.4811783795290629,367.848,2017_kk_004,Kusko,2017,0.709485364442711
352,184.448,0.7096001538818734,0.4789553181281041,368.896,2017_kk_004,Kusko,2017,0.7095043756757599
353,184.972,0.7090109451384442,0.46946828929281553,369.944,2017_kk_004,Kusko,2017,0.7094497894735775
354,185.496,0.7102364396372347,0.4639749153703854,370.992,2017_kk_004,Kusko,2017,0.7094908167682222
355,186.02,0.7089258723962988,0.4636706549133414,372.04,2017_kk_004,Kusko,2017,0.7094158780320395
356,186.544,0.7099124359805539,0.4658415482139305,373.088,2017_kk_004,Kusko,2017,0.709415977405691
357,187.068,0.7104663160429756,0.46422521303136904,374.136,2017_kk_004,Kusko,2017,0.7094404898113988
358,187.592,0.709029118929849,0.4701676136305468,375.184,2017_kk_004,Kusko,2017,0.7094633488287895
359,188.116,0.7093725904082081,0.47210766583758945,376.232,2017_kk_004,Kusko,2017,0.7094566303963014
360,188.64,0.7093789937410924,0.47362961350856186,377.28,2017_kk_004,Kusko,2017,0.7094582287944419
361,189.164,0.7079838136218947,0.4754262351585407,378.328,2017_kk_004,Kusko,2017,0.7094593102970909
362,189.688,0.7095327017538599,0.4766009935522176,379.376,2017_kk_004,Kusko,2017,0.7094664681958907
363,190.212,0.7089789507353456,0.46267613787764894,380.424,2017_kk_004,Kusko,2017,0.7094754222624537
364,190.736,0.7098453365279764,0.46259929800547417,381.472,2017_kk_004,Kusko,2017,0.7095291222571428
365,191.26,0.7081265940386305,0.46579387532355265,382.52,2017_kk_004,Kusko,2017,0.7095536068119993
366,191.784,0.7107084321955227,0.46394250015576555,383.568,2017_kk_004,Kusko,2017,0.7096136855860666
367,192.308,0.7101209321409343,0.4577281993737347,384.616,2017_kk_004,Kusko,2017,0.7096123727392606
368,192.832,0.7097726697381583,0.45864223581391383,385.664,2017_kk_004,Kusko,2017,0.7095732860388007
369,193.356,0.7091544158674905,0.4629332796965384,386.712,2017_kk_004,Kusko,2017,0.7096188457728373
370,193.88,0.7102979441325098,0.4597846473028015,387.76,2017_kk_004,Kusko,2017,0.7096637530820901
371,194.404,0.7112834522187854,0.45997794350807775,388.808,2017_kk_004,Kusko,2017,0.7096287293731229
372,194.928,0.7081899772362557,0.46113412695736394,389.856,2017_kk_004,Kusko,2017,0.7096435611577838
373,195.452,0.707436125108159,0.4604780251667194,390.904,2017_kk_004,Kusko,2017,0.709588999428118
374,195.976,0.71260895965327,0.46129434034634226,391.952,2017_kk_004,Kusko,2017,0.709599281557726
375,196.5,0.7077647328454925,0.4602642626550816,393,2017_kk_004,Kusko,2017,0.7095935216922168
376,197.024,0.7106847823678392,0.46017707692654947,394.048,2017_kk_004,Kusko,2017,0.7095687195063984
377,197.548,0.7085906047670372,0.45931442245278015,395.096,2017_kk_004,Kusko,2017,0.7095976708333237
378,198.072,0.7088753432127515,0.4600753194944414,396.144,2017_kk_004,Kusko,2017,0.7096410024933754
379,198.596,0.7093624566249114,0.46167350792999434,397.192,2017_kk_004,Kusko,2017,0.7096983627740521
380,199.12,0.7101357564040497,0.4613944478700085,398.24,2017_kk_004,Kusko,2017,0.7097238163213038
381,199.644,0.709971432399771,0.45662031759191096,399.288,2017_kk_004,Kusko,2017,0.7097406776051023
382,200.168,0.7096950584444608,0.45341040258123466,400.336,2017_kk_004,Kusko,2017,0.7097083593901959
383,200.692,0.7083464322130563,0.4573782182211103,401.384,2017_kk_004,Kusko,2017,0.709694127002576
384,201.216,0.7104449159165491,0.4565248123286056,402.432,2017_kk_004,Kusko,2017,0.709661352257341
385,201.74,0.7075736642755828,0.4544218986825071,403.48,2017_kk_004,Kusko,2017,0.7096982498240698
386,202.264,0.7098290991348759,0.45361432215508224,404.528,2017_kk_004,Kusko,2017,0.7096820072932138
387,202.788,0.7100789384690978,0.45320651704929854,405.576,2017_kk_004,Kusko,2017,0.70966650892707706
388,203.312,0.7102389827480177,0.45939934728414106,406.624,2017_kk_004,Kusko,2017,0.7096824435317586
389,203.836,0.7095726967781283,0.46231038812888414,407.672,2017_kk_004,Kusko,2017,0.7096979278398139
390,204.36,0.7097285396442469,0.4618355437147521,408.72,2017_kk_004,Kusko,2017,0.7096961674130643
391,204.884,0.7116222352848044,0.4586416524788901,409.768,2017_kk_004,Kusko,2017,0.7096932662645179
392,205.408,0.7110515003441463,0.45568977879125055,410.816,2017_kk_004,Kusko,2017,0.7096762174460423
393,205.932,0.7104291745438962,0.453662616227088,411.864,2017_kk_004,Kusko,2017,0.7096542210786925
394,206.456,0.7115917759585983,0.45363352318395495,412.912,2017_kk_004,Kusko,2017,0.7096573179907145
395,206.98,0.7102990093785574,0.4560112539404458,413.96,2017_kk_004,Kusko,2017,0.7096720811558322
396,207.504,0.7126713717820775,0.4573059614776967,415.008,2017_kk_004,Kusko,2017,0.7096396340375642
397,208.028,0.7085535738878355,0.4532614842622156,416.056,2017_kk_004,Kusko,2017,0.7096755835764964
398,208.552,0.7080336162824581,0.4573718081761942,417.104,2017_kk_004,Kusko,2017,0.7096876794838753
399,209.076,0.7099054582515709,0.4585325737162419,418.152,2017_kk_004,Kusko,2017,0.7096604919237329
400,209.6,0.7102448237644549,0.45759676257187376,419.2000000000001,2017_kk_004,Kusko,2017,0.709651688068701
401,210.124,0.708478911965256,0.45656586703085,420.2480000000001,2017_kk_004,Kusko,2017,0.7096354903437327
402,210.648,0.7096481994582677,0.4543424269334373,421.296,2017_kk_004,Kusko,2017,0.709635958639584
403,211.172,0.7085918683249516,0.4583054061116525,422.344,2017_kk_004,Kusko,2017,0.7096441618217495
404,211.696,0.7095634831748182,0.4555295099806436,423.392,2017_kk_004,Kusko,2017,0.7096012889767743
405,212.22,0.710128611079703,0.46773356236001257,424.44,2017_kk_004,Kusko,2017,0.709618074314709
406,212.744,0.7100030206928143,0.46774467648389206,425.488,2017_kk_004,Kusko,2017,0.7096038081149894
407,213.268,0.7095977647068338,0.46290493301027713,426.536,2017_kk_004,Kusko,2017,0.7096393329500983
408,213.792,0.7109638375828128,0.4622703726150627,427.584,2017_kk_004,Kusko,2017,0.7095999640774825
409,214.316,0.7118346891756896,0.4536183950753776,428.632,2017_kk_004,Kusko,2017,0.7096025713788475
410,214.84,0.7096912857482198,0.4565708169816737,429.68,2017_kk_004,Kusko,2017,0.7096391840858777
411,215.364,0.7106698375471668,0.45357039366366214,430.728,2017_kk_004,Kusko,2017,0.7096418272134398
412,215.888,0.7076610609874898,0.45529497260058693,431.776,2017_kk_004,Kusko,2017,0.7096119401527786
413,216.412,0.7081570018812482,0.4553197352921574,432.824,2017_kk_004,Kusko,2017,0.7096638422765523
414,216.936,0.7082699549231417,0.4592111197746986,433.872,2017_kk_004,Kusko,2017,0.7096204140425502
415,217.46,0.7111397264000281,0.4593771670347403,434.92,2017_kk_004,Kusko,2017,0.7096674829019268
416,217.984,0.7089378841291942,0.45637720148872735,435.968,2017_kk_004,Kusko,2017,0.7096822992028837
417,218.508,0.7095364140747725,0.4535212305368968,437.016,2017_kk_004,Kusko,2017,0.7096658414547382
418,219.032,0.7099851952107427,0.45231807831284165,438.064,2017_kk_004,Kusko,2017,0.7096523224447278
419,219.556,0.7103016488915241,0.455266714612526,439.112,2017_kk_004,Kusko,2017,0.70966414180922
420,220.08,0.7092733681361185,0.45341011170744394,440.16,2017_kk_004,Kusko,2017,0.7096471365180265
421,220.604,0.7078097447091096,0.4478779030297893,441.208,2017_kk_004,Kusko,2017,0.7095907545396848
422,221.128,0.7085097726453252,0.45319662903017127,442.256,2017_kk_004,Kusko,2017,0.709550184561108
423,221.652,0.70765916869436,0.4495601642913783,443.304,2017_kk_004,Kusko,2017,0.7094804763593221
424,222.176,0.7100311512492931,0.4385839656373546,444.352,2017_kk_004,Kusko,2017,0.7093977257704124
425,222.7,0.7090123839456959,0.438344571214304,445.4,2017_kk_004,Kusko,2017,0.7093955223110548
426,223.224,0.7087616050994372,0.443547856477636,446.448,2017_kk_004,Kusko,2017,0.7093294559214254
427,223.748,0.7122779044768668,0.44380442924753727,447.496,2017_kk_004,Kusko,2017,0.7093168481668909
428,224.272,0.7104984241808934,0.43847206888916046,448.544,2017_kk_004,Kusko,2017,0.7093291375136273
429,224.796,0.7075231622589451,0.43612341576234415,449.592,2017_kk_004,Kusko,2017,0.7093255390177617
430,225.32,0.7097697128305961,0.4330048441408661,450.64,2017_kk_004,Kusko,2017,0.7093335672836832
431,225.844,0.7103115887206939,0.4294474555158482,451.6880000000001,2017_kk_004,Kusko,2017,0.7093483371962641
432,226.368,0.7082180749873241,0.42360098099546434,452.7360000000001,2017_kk_004,Kusko,2017,0.7093635104491367
433,226.892,0.7079283160380893,0.4251118910127353,453.784,2017_kk_004,Kusko,2017,0.7094242099320192
434,227.416,0.7100365889547593,0.42625047096593965,454.832,2017_kk_004,Kusko,2017,0.7093966018375327
435,227.94,0.7087718531215701,0.42812200033161113,455.88,2017_kk_004,Kusko,2017,0.7094010649762347
436,228.464,0.709828810384662,0.41777127327402974,456.928,2017_kk_004,Kusko,2017,0.7093456025309777
437,228.988,0.7107220948735757,0.4138011618020564,457.976,2017_kk_004,Kusko,2017,0.7094182743894173
438,229.512,0.7065132108558094,0.4084139749781198,459.024,2017_kk_004,Kusko,2017,0.7094186581060452
439,230.036,0.7095188947068157,0.40143491682886656,460.072,2017_kk_004,Kusko,2017,0.70934235025231
440,230.56,0.7123325188258517,0.40066897372760896,461.12,2017_kk_004,Kusko,2017,0.7093097657053777
441,231.084,0.7101300200534981,0.4116543833083713,462.168,2017_kk_004,Kusko,2017,0.7092851153756657
442,231.608,0.7079018348047879,0.4165811859084154,463.216,2017_kk_004,Kusko,2017,0.7092921444761242
443,232.132,0.711460559639487,0.41260138874296726,464.264,2017_kk_004,Kusko,2017,0.70934273520924
444,232.656,0.707839221876418,0.4037952982936234,465.312,2017_kk_004,Kusko,2017,0.7093205703539421
445,233.18,0.7103977958381901,0.40514524167778937,466.36,2017_kk_004,Kusko,2017,0.709335627969212
446,233.704,0.7107180771922886,0.4010362234750345,467.408,2017_kk_004,Kusko,2017,0.7093789815123096
447,234.228,0.709091473580366,0.3975559604857166,468.456,2017_kk_004,Kusko,2017,0.7093522267057537
448,234.752,0.7094278421473906,0.3932327763687613,469.504,2017_kk_004,Kusko,2017,0.7093449683042788
449,235.276,0.7102818586476564,0.38688895893235264,470.552,2017_kk_004,Kusko,2017,0.7093647226712103
450,235.8,0.7087082221726408,0.3826883002299581,471.6,2017_kk_004,Kusko,2017,0.7093866960633232
451,236.324,0.7082393165842995,0.37919332945775064,472.648,2017_kk_004,Kusko,2017,0.7094084136290548
452,236.848,0.7086173016295327,0.37924469928195015,473.696,2017_kk_004,Kusko,2017,0.7094438913861594
453,237.372,0.7062466824367409,0.38339196406529374,474.744,2017_kk_004,Kusko,2017,0.7094782632980459
454,237.896,0.706626740624021,0.37723306366208265,475.792,2017_kk_004,Kusko,2017,0.7094612932106361
455,238.42,0.7101668018170975,0.373532456573443,476.84,2017_kk_004,Kusko,2017,0.7094658141807189
456,238.944,0.7087073884043152,0.37925937678387145,477.888,2017_kk_004,Kusko,2017,0.7094805464113901
457,239.468,0.7077971086157652,0.383655273869404,478.936,2017_kk_004,Kusko,2017,0.7093923051220153
458,239.992,0.7087709770866409,0.38392754210575,479.984,2017_kk_004,Kusko,2017,0.7093515782512515
459,240.516,0.7096895484996425,0.385222518274395,481.032,2017_kk_004,Kusko,2017,0.7093762279458768
460,241.04,0.7107265197197427,0.3844606796008856,482.08,2017_kk_004,Kusko,2017,0.7093587029697717
461,241.564,0.7093651067201114,0.39008027392712274,483.128,2017_kk_004,Kusko,2017,0.7093532095072544
462,242.088,0.710558594630621,0.38451804782620375,484.176,2017_kk_004,Kusko,2017,0.7093519023776235
463,242.612,0.7122338372979035,0.3866179925601845,485.2240000000001,2017_kk_004,Kusko,2017,0.709351254604633
464,243.136,0.7079069975056279,0.3762275413338253,486.2720000000001,2017_kk_004,Kusko,2017,0.7093077235263877
465,243.66000000000005,0.7103963994018199,0.37285009939979624,487.3200000000001,2017_kk_004,Kusko,2017,0.7093463626343215
466,244.184,0.7066752739773958,0.37271907343976735,488.368,2017_kk_004,Kusko,2017,0.709385839553489
467,244.708,0.7139580762132094,0.3744069335182196,489.416,2017_kk_004,Kusko,2017,0.7093564730666057
468,245.232,0.7109868605804842,0.38934770030265187,490.464,2017_kk_004,Kusko,2017,0.7094205622902551
469,245.756,0.7072562179515718,0.3954629394316542,491.512,2017_kk_004,Kusko,2017,0.709359841403847
470,246.28,0.7077362129322883,0.3893488335303813,492.56,2017_kk_004,Kusko,2017,0.7092682216484184
471,246.804,0.7091908177644458,0.3857947133763095,493.608,2017_kk_004,Kusko,2017,0.7092710310680221
472,247.328,0.7080828070149975,0.384762529723945,494.656,2017_kk_004,Kusko,2017,0.709313375898839
473,247.852,0.7111924458681966,0.38715233970810126,495.704,2017_kk_004,Kusko,2017,0.7092989271845497
474,248.376,0.7069400636052781,0.3840490097074122,496.752,2017_kk_004,Kusko,2017,0.7093092867987486
475,248.9,0.7120431833162203,0.3762492200538032,497.8,2017_kk_004,Kusko,2017,0.7092829859830977
476,249.424,0.7115390967150553,0.3767749802760565,498.848,2017_kk_004,Kusko,2017,0.7092873698916172
477,249.948,0.7079311256814124,0.38124524445667024,499.896,2017_kk_004,Kusko,2017,0.7093346225844253
478,250.472,0.7095496911222522,0.3751287869653313,500.944,2017_kk_004,Kusko,2017,0.7093412751396283
479,250.996,0.7114869109074082,0.3747744237882491,501.992,2017_kk_004,Kusko,2017,0.7093466677543792
480,251.52,0.7105917716628894,0.37634410432180754,503.04,2017_kk_004,Kusko,2017,0.7093678236830784
481,252.044,0.7091127986530079,0.37819460114725995,504.088,2017_kk_004,Kusko,2017,0.7093912659565688
482,252.568,0.7106384380715914,0.36876031727214903,505.136,2017_kk_004,Kusko,2017,0.7094029651592968
483,253.092,0.709721483407551,0.36827775776353694,506.184,2017_kk_004,Kusko,2017,0.70947115387934645
484,253.616,0.7090129460047071,0.3603474332924125,507.232,2017_kk_004,Kusko,2017,0.7094970994745687
485,254.14,0.7092836421506546,0.3538190011227441,508.28,2017_kk_004,Kusko,2017,0.7095096875228197
486,254.664,0.7096455389397146,0.34508688723948805,509.328,2017_kk_004,Kusko,2017,0.7095035189105595
487,255.188,0.7069834271143758,0.34237625473459427,510.376,2017_kk_004,Kusko,2017,0.7095377374411407
488,255.712,0.7080548119350684,0.34546863200802835,511.424,2017_kk_004,Kusko,2017,0.7095451307970835
489,256.236,0.7090021439364654,0.35491928550507973,512.472,2017_kk_004,Kusko,2017,0.7095258747351924
490,256.76,0.7087182142642872,0.3511880103514662,513.52,2017_kk_004,Kusko,2017,0.7094985949467818
491,257.284,0.7099819809696581,0.356721930742869,514.568,2017_kk_004,Kusko,2017,0.7094812708744503
492,257.808,0.7081396472094676,0.3602247913051858,515.616,2017_kk_004,Kusko,2017,0.7094650891209905
493,258.332,0.7078894496586643,0.3571430961388722,516.664,2017_kk_004,Kusko,2017,0.7094731171721634
494,258.856,0.7074247242600376,0.35322543736234285,517.712,2017_kk_004,Kusko,2017,0.7095183853924415
495,259.38,0.7110901995976002,0.3544235692303735,518.76,2017_kk_004,Kusko,2017,0.7094951171065094
496,259.904,0.7121974255347054,0.3652894285534153,519.808,2017_kk_004,Kusko,2017,0.7095363490595841
497,260.428,0.7089601056605733,0.3677240305682436,520.856,2017_kk_004,Kusko,2017,0.7094492716103706
498,260.952,0.71035856427478,0.3706318761233185,521.904,2017_kk_004,Kusko,2017,0.7094450884738415
499,261.476,0.7058756415223285,0.37068641296787497,522.952,2017_kk_004,Kusko,2017,0.7095261327657189
500,262,0.7068353335001343,0.37640999283146886,524,2017_kk_004,Kusko,2017,0.7095983909018915
501,262.524,0.710298585229723,0.3810242383961018,525.048,2017_kk_004,Kusko,2017,0.7096104175497682
502,263.048,0.7104425246538021,0.37859709451439166,526.096,2017_kk_004,Kusko,2017,0.7096215114087415
503,263.572,0.7105936367821227,0.38697476367608086,527.144,2017_kk_004,Kusko,2017,0.7095840983757997
504,264.096,0.7084607987283519,0.3949889636850826,528.192,2017_kk_004,Kusko,2017,0.7096356563351488
505,264.62,0.7088197468991351,0.4012065062225548,529.24,2017_kk_004,Kusko,2017,0.7095861533312603
506,265.144,0.710981111703459,0.4201372853202141,530.288,2017_kk_004,Kusko,2017,0.7095705201169216
507,265.668,0.711926635148853,0.42012752665291536,531.336,2017_kk_004,Kusko,2017,0.7095942541578677
508,266.192,0.7098269954595737,0.43595666343406875,532.384,2017_kk_004,Kusko,2017,0.70962116090849
509,266.716,0.7106054155327096,0.44136150268601054,533.432,2017_kk_004,Kusko,2017,0.7096027576203036
510,267.24,0.7099775778945966,0.4402561271718699,534.48,2017_kk_004,Kusko,2017,0.7096215727225815
511,267.764,0.7096458529937169,0.44660779780351534,535.528,2017_kk_004,Kusko,2017,0.7096069932053083
512,268.288,0.7093192537932104,0.4420312693811488,536.576,2017_kk_004,Kusko,2017,0.7095991864170703
513,268.812,0.7103380056397216,0.44697983777822464,537.624,2017_kk_004,Kusko,2017,0.7096238030152651
514,269.336,0.7081834763373648,0.4520131019090702,538.672,2017_kk_004,Kusko,2017,0.7096799072734545
515,269.86,0.7109220847121557,0.44926427320702667,539.72,2017_kk_004,Kusko,2017,0.7096964738809938
516,270.384,0.7083372716687041,0.4502535681767339,540.768,2017_kk_004,Kusko,2017,0.7097252385007948
517,270.908,0.7098502204506356,0.45746067770309035,541.816,2017_kk_004,Kusko,2017,0.7097986143616188
518,271.432,0.7092145784432087,0.4564785182539347,542.864,2017_kk_004,Kusko,2017,0.7098106721831149
519,271.956,0.7085341847861746,0.4550036844821578,543.912,2017_kk_004,Kusko,2017,0.709846410916588
520,272.48,0.7090897324151066,0.4552358354963163,544.96,2017_kk_004,Kusko,2017,0.709899731235591
521,273.004,0.7083256623802224,0.45252501282784174,546.008,2017_kk_004,Kusko,2017,0.7099350868823494
522,273.528,0.7095876894230281,0.4530573327988227,547.056,2017_kk_004,Kusko,2017,0.709943663476107
523,274.052,0.7127155203682879,0.43419892337021415,548.104,2017_kk_004,Kusko,2017,0.7100035692026531
524,274.576,0.7106230907223114,0.4306343954631648,549.152,2017_kk_004,Kusko,2017,0.7100181957905733
525,275.1,0.7090003022458857,0.4189143367546884,550.2,2017_kk_004,Kusko,2017,0.7100122988876639
526,275.624,0.7091491911618805,0.4280871506862029,551.248,2017_kk_004,Kusko,2017,0.7099861818110347
527,276.148,0.7087334292604074,0.41880509777389746,552.296,2017_kk_004,Kusko,2017,0.7099724892050624
528,276.672,0.7107358723887298,0.41369805621562206,553.344,2017_kk_004,Kusko,2017,0.7099465691963545
529,277.196,0.7121188754642181,0.4055426744633552,554.392,2017_kk_004,Kusko,2017,0.7099969746285141
530,277.72,0.7120717011026461,0.4036234929052619,555.44,2017_kk_004,Kusko,2017,0.7100312085313039
531,278.244,0.7099124166370442,0.40923674438738,556.488,2017_kk_004,Kusko,2017,0.7099978941180077
532,278.76800000000003,0.7087484385534043,0.4104096260363932,557.5360000000001,2017_kk_004,Kusko,2017,0.7100249430018816
533,279.29200000000003,0.7089476638916906,0.41412915368039466,558.5840000000001,2017_kk_004,Kusko,2017,0.7100253884120497
534,279.81600000000003,0.7100335411662235,0.4016670745727984,559.6320000000001,2017_kk_004,Kusko,2017,0.7100253421455953
535,280.34000000000003,0.7090730030829064,0.40090553795591144,560.6800000000001,2017_kk_004,Kusko,2017,0.7101029814669862
536,280.86400000000003,0.7106011038547324,0.3968253866676518,561.7280000000001,2017_kk_004,Kusko,2017,0.7100653606642499
537,281.38800000000003,0.7093551681381781,0.4023398744727747,562.7760000000001,2017_kk_004,Kusko,2017,0.7100026252215365
538,281.91200000000003,0.7111640961595863,0.4066466456542589,563.8240000000001,2017_kk_004,Kusko,2017,0.7100060711559978
539,282.43600000000004,0.710382713616224,0.40422107167865506,564.8720000000001,2017_kk_004,Kusko,2017,0.710005128000277
540,282.96000000000004,0.7117206777995656,0.4105087363823098,565.9200000000001,2017_kk_004,Kusko,2017,0.7100111600733292
541,283.48400000000004,0.7082380276166047,0.41103327207821216,566.9680000000001,2017_kk_004,Kusko,2017,0.7100510365948424
542,284.00800000000004,0.7101700307773127,0.40781667827202495,568.0160000000001,2017_kk_004,Kusko,2017,0.7100185802949315
543,284.53200000000004,0.7111984792992383,0.40388733686621314,569.0640000000001,2017_kk_004,Kusko,2017,0.7099564254618698
544,285.05600000000004,0.7123792014960789,0.4064407362274076,570.1120000000001,2017_kk_004,Kusko,2017,0.7100096079360457
545,285.58000000000004,0.7102776386030049,0.4106552747461202,571.1600000000001,2017_kk_004,Kusko,2017,0.7100074740140992
546,286.104,0.7113714161277761,0.4089795682948843,572.208,2017_kk_004,Kusko,2017,0.7100481207943872
547,286.628,0.711385978763814,0.40342208748896446,573.256,2017_kk_004,Kusko,2017,0.7100589677141985
548,287.152,0.7087782812248294,0.4048075417718515,574.304,2017_kk_004,Kusko,2017,0.7100717898605756
549,287.676,0.7111464679448521,0.40530899197095555,575.352,2017_kk_004,Kusko,2017,0.7101184588284577
550,288.2,0.7119174334044726,0.4039648485240353,576.4,2017_kk_004,Kusko,2017,0.7100877034042627
551,288.724,0.7121033197751595,0.40353318387916703,577.448,2017_kk_004,Kusko,2017,0.7101376498638687
552,289.248,0.7086542428349255,0.41195176152326546,578.496,2017_kk_004,Kusko,2017,0.7101410829777681
553,289.772,0.7114837932514253,0.41497858028002066,579.544,2017_kk_004,Kusko,2017,0.7101108841628813
554,290.296,0.7083023195352571,0.41351162941130987,580.592,2017_kk_004,Kusko,2017,0.7100791553989964
555,290.82,0.7107363854230315,0.40239061340695487,581.64,2017_kk_004,Kusko,2017,0.7100691358072565
556,291.344,0.7106304009369515,0.40064648690629334,582.688,2017_kk_004,Kusko,2017,0.7101055149620995
557,291.868,0.7081385493022313,0.4062322893508516,583.736,2017_kk_004,Kusko,2017,0.7100534872840752
558,292.392,0.7088033637523058,0.4126134062953168,584.784,2017_kk_004,Kusko,2017,0.710037167830979
559,292.916,0.7088999674519061,0.41192173441789526,585.832,2017_kk_004,Kusko,2017,0.7100081877681838
560,293.44,0.7088893676675233,0.4059585080953582,586.88,2017_kk_004,Kusko,2017,0.7099688192028879
561,293.964,0.708299720431954,0.4100820991822379,587.928,2017_kk_004,Kusko,2017,0.7099647000051081
562,294.488,0.7120654576862344,0.40527732422669094,588.976,2017_kk_004,Kusko,2017,0.7099994173057873
563,295.012,0.7106203613922106,0.39764695819711465,590.024,2017_kk_004,Kusko,2017,0.7100638294434811
564,295.536,0.7084580227410886,0.39618671438014974,591.072,2017_kk_004,Kusko,2017,0.7100912843759036
565,296.06,0.7134781061825918,0.40132554770085693,592.12,2017_kk_004,Kusko,2017,0.7101366577147641
566,296.584,0.708723863539277,0.40098297950143585,593.168,2017_kk_004,Kusko,2017,0.7101460392602809
567,297.108,0.708162508586054,0.3944519500133484,594.216,2017_kk_004,Kusko,2017,0.7101557461771116
568,297.632,0.7100337515272513,0.40444199774721784,595.264,2017_kk_004,Kusko,2017,0.7101167496147734
569,298.156,0.7105488261894667,0.4121725553021383,596.312,2017_kk_004,Kusko,2017,0.7100724389534817
570,298.68,0.7103395022777289,0.4020329213307131,597.36,2017_kk_004,Kusko,2017,0.7100087218505767
571,299.204,0.7120384442845004,0.3985345496475858,598.408,2017_kk_004,Kusko,2017,0.7100694283908138
572,299.728,0.7073718757985595,0.4035608171475683,599.456,2017_kk_004,Kusko,2017,0.7100525922649237
573,300.252,0.7066087156560191,0.4025867481832216,600.504,2017_kk_004,Kusko,2017,0.7100181868986247
574,300.776,0.7113744247879246,0.4058294900358824,601.552,2017_kk_004,Kusko,2017,0.7099655433008232
575,301.3,0.7107940493953644,0.40419000276723377,602.6,2017_kk_004,Kusko,2017,0.7099353506050574
576,301.824,0.7107760784859875,0.400581875230236,603.648,2017_kk_004,Kusko,2017,0.7099282964247523
577,302.348,0.7105010356393132,0.4078826175462056,604.696,2017_kk_004,Kusko,2017,0.7098481777072367
578,302.872,0.7099839072258354,0.4080935905024533,605.744,2017_kk_004,Kusko,2017,0.7099220083654582
579,303.396,0.7113343228590999,0.40321786796378833,606.792,2017_kk_004,Kusko,2017,0.7099210546810067
580,303.92,0.7072444069634081,0.4048323526270592,607.84,2017_kk_004,Kusko,2017,0.7098753528713615
581,304.444,0.7113224499565798,0.4066175591812166,608.888,2017_kk_004,Kusko,2017,0.7098648081010079
582,304.968,0.7097936762569929,0.4083154519180884,609.936,2017_kk_004,Kusko,2017,0.7098817769134711
583,305.492,0.7109035914750746,0.40689733188321053,610.984,2017_kk_004,Kusko,2017,0.7098360254231707
584,306.016,0.708719364889218,0.40558890277716614,612.032,2017_kk_004,Kusko,2017,0.7098915402310186
585,306.54,0.7083991267414979,0.39601261618054784,613.08,2017_kk_004,Kusko,2017,0.7099151475257658
586,307.064,0.7113319404524587,0.39918631923010617,614.128,2017_kk_004,Kusko,2017,0.709912489755443
587,307.588,0.7056117685789529,0.40569677578377256,615.176,2017_kk_004,Kusko,2017,0.7098986301043172
588,308.112,0.7097567052029521,0.40830231612184714,616.224,2017_kk_004,Kusko,2017,0.7098517936523348
589,308.636,0.7103800716965039,0.4094945473294409,617.272,2017_kk_004,Kusko,2017,0.7098840182078471
590,309.16,0.7097095871848891,0.4102299616821165,618.32,2017_kk_004,Kusko,2017,0.7098878388863082
591,309.684,0.7096652647702664,0.4109721215802684,619.368,2017_kk_004,Kusko,2017,0.7099475970289634
592,310.208,0.7108314765941484,0.4177747161976997,620.416,2017_kk_004,Kusko,2017,0.7099353309933651
593,310.732,0.7128123921533219,0.4150375480968389,621.464,2017_kk_004,Kusko,2017,0.7098759912372038
594,311.25600000000003,0.7116808371115714,0.41252299147177535,622.5120000000001,2017_kk_004,Kusko,2017,0.7098545179359544
595,311.78000000000003,0.711795403414537,0.4076850960182614,623.5600000000001,2017_kk_004,Kusko,2017,0.709783277851481
596,312.30400000000003,0.7111639965857406,0.4107464060672209,624.6080000000001,2017_kk_004,Kusko,2017,0.7097782300933541
597,312.82800000000003,0.709937583148023,0.41376679229013297,625.6560000000001,2017_kk_004,Kusko,2017,0.7098696666686813
598,313.35200000000003,0.7088243024192946,0.41156375478790447,626.7040000000001,2017_kk_004,Kusko,2017,0.7098829252914933
599,313.87600000000003,0.7077240739387175,0.41632410963114863,627.7520000000001,2017_kk_004,Kusko,2017,0.7098292777961949
600,314.40000000000003,0.7078976516252675,0.4136651215734354,628.8000000000001,2017_kk_004,Kusko,2017,0.7098267983735926
601,314.92400000000004,0.7118804200308254,0.4127859572697826,629.8480000000001,2017_kk_004,Kusko,2017,0.7098175260618166
602,315.44800000000004,0.7091598632238997,0.41245089338982066,630.8960000000001,2017_kk_004,Kusko,2017,0.709816500313493
603,315.97200000000004,0.7091341573213074,0.4130658687841384,631.9440000000001,2017_kk_004,Kusko,2017,0.7098949603229723
604,316.49600000000004,0.7092205856279858,0.4104756034825221,632.9920000000001,2017_kk_004,Kusko,2017,0.7098849981638508
605,317.02000000000004,0.7084660768570574,0.40940765411547814,634.0400000000001,2017_kk_004,Kusko,2017,0.709914458596884
606,317.54400000000004,0.7109481653094715,0.404799556778412,635.0880000000001,2017_kk_004,Kusko,2017,0.7098907645987507
607,318.06800000000004,0.7065788557128808,0.40265831117623,636.1360000000001,2017_kk_004,Kusko,2017,0.7098737383253038
608,318.59200000000004,0.7132081207181128,0.40915558508640626,637.1840000000001,2017_kk_004,Kusko,2017,0.7098028048230481
609,319.116,0.7110892468777724,0.4055321163951285,638.232,2017_kk_004,Kusko,2017,0.7097851313840864
610,319.64,0.7091753248257541,0.39912150220393466,639.28,2017_kk_004,Kusko,2017,0.7098336886960497
611,320.164,0.7114706335539436,0.3998807643891543,640.328,2017_kk_004,Kusko,2017,0.7097816506453274
612,320.688,0.7096723715827127,0.39903138964043233,641.376,2017_kk_004,Kusko,2017,0.7097684324500798
613,321.212,0.7087387038334048,0.40412416214383895,642.424,2017_kk_004,Kusko,2017,0.7097681437574285
614,321.736,0.7116332080061321,0.40960231509319617,643.472,2017_kk_004,Kusko,2017,0.7098574848468071
615,322.26,0.7121528231078541,0.40762687334084297,644.52,2017_kk_004,Kusko,2017,0.7098620208127604
616,322.784,0.7104709347175835,0.4112098830653625,645.568,2017_kk_004,Kusko,2017,0.7098063665447198
617,323.308,0.7073069702346787,0.41069241206653406,646.616,2017_kk_004,Kusko,2017,0.7098849054507114
618,323.832,0.7059931766333581,0.40925846400517646,647.664,2017_kk_004,Kusko,2017,0.7099092101386304
619,324.356,0.7108334407826534,0.41136279544372417,648.712,2017_kk_004,Kusko,2017,0.7098496184238995
620,324.88,0.7091186083751897,0.4043467807376021,649.76,2017_kk_004,Kusko,2017,0.7098446546383457
621,325.404,0.7118852089912637,0.40227175086275,650.808,2017_kk_004,Kusko,2017,0.7098439331309954
622,325.928,0.7113294955503386,0.39831202082976264,651.856,2017_kk_004,Kusko,2017,0.7098205195640934
623,326.452,0.7070599760225275,0.3897818055281839,652.904,2017_kk_004,Kusko,2017,0.7097728243028556
624,326.976,0.7071696246661306,0.3912780182373149,653.952,2017_kk_004,Kusko,2017,0.7097277016644247
625,327.5,0.7092037011141838,0.39738166236972067,655,2017_kk_004,Kusko,2017,0.7096548490140828
626,328.024,0.7084209980516595,0.39659408416584013,656.048,2017_kk_004,Kusko,2017,0.7095810320540147
627,328.548,0.7136487031056935,0.39396543704319487,657.096,2017_kk_004,Kusko,2017,0.7095510669780675
628,329.072,0.7108292688959681,0.38485270396728816,658.144,2017_kk_004,Kusko,2017,0.7095620162778464
629,329.596,0.7073299764715649,0.39039242782297245,659.192,2017_kk_004,Kusko,2017,0.7096372754258744
630,330.12,0.7101907369215915,0.3918371144723044,660.24,2017_kk_004,Kusko,2017,0.7096716354109545
631,330.644,0.7114821055779337,0.38838258249535074,661.288,2017_kk_004,Kusko,2017,0.70960487361479
632,331.168,0.7073103308991455,0.3873384406791659,662.336,2017_kk_004,Kusko,2017,0.7096160737757135
633,331.692,0.7113163162247859,0.38088031024947766,663.384,2017_kk_004,Kusko,2017,0.7095698830944878
634,332.216,0.7107766952406286,0.37916764538125775,664.432,2017_kk_004,Kusko,2017,0.7095917233188586
635,332.74,0.7125616753773583,0.3712330451015671,665.48,2017_kk_004,Kusko,2017,0.7096258348834733
636,333.264,0.7093544385979971,0.3678445304737734,666.528,2017_kk_004,Kusko,2017,0.7096288361398033
637,333.788,0.7094794592324999,0.36530736733039343,667.576,2017_kk_004,Kusko,2017,0.7096746806296292
638,334.312,0.7057278970904899,0.364777167613452,668.624,2017_kk_004,Kusko,2017,0.7095875360475131
639,334.836,0.7102739165214025,0.3674872799290412,669.672,2017_kk_004,Kusko,2017,0.7095823977513851
640,335.36,0.710157845681205,0.36495929175138975,670.72,2017_kk_004,Kusko,2017,0.7096031206350848
641,335.884,0.7082001669132425,0.3619950584140632,671.768,2017_kk_004,Kusko,2017,0.7095807539137406
642,336.408,0.7090005845421378,0.3614210026868218,672.816,2017_kk_004,Kusko,2017,0.7095782208637368
643,336.932,0.710886269915998,0.3666086573579675,673.864,2017_kk_004,Kusko,2017,0.7096090158816
644,337.456,0.7140798302519333,0.3668079040658783,674.912,2017_kk_004,Kusko,2017,0.7096044562549285
645,337.98,0.708671284698699,0.36454572933545953,675.96,2017_kk_004,Kusko,2017,0.7095715082037499
646,338.504,0.7079926843700228,0.3667613166056338,677.008,2017_kk_004,Kusko,2017,0.7095491275867459
647,339.028,0.7103241029384506,0.3641086875103824,678.056,2017_kk_004,Kusko,2017,0.7095692117912183
648,339.552,0.7112149864780936,0.3716127997637663,679.104,2017_kk_004,Kusko,2017,0.7096414292913977
649,340.076,0.7068045688126512,0.37505328574581487,680.152,2017_kk_004,Kusko,2017,0.709618051220515
650,340.6,0.7094117600516573,0.37054726466816695,681.2,2017_kk_004,Kusko,2017,0.7096197221843633
651,341.124,0.7096219743292469,0.35745308488645794,682.248,2017_kk_004,Kusko,2017,0.7096514420910406
652,341.648,0.7094266625800363,0.35831988564687883,683.296,2017_kk_004,Kusko,2017,0.7096194635103784
653,342.172,0.709950676479051,0.354778029665326,684.344,2017_kk_004,Kusko,2017,0.7096573436921313
654,342.696,0.7089734788057186,0.36082160139101366,685.392,2017_kk_004,Kusko,2017,0.7097004825102662
655,343.22,0.7074242443940302,0.3600856445555936,686.44,2017_kk_004,Kusko,2017,0.7096921890297083
656,343.744,0.7067349789816518,0.3666398049729256,687.488,2017_kk_004,Kusko,2017,0.7096746744512392
657,344.26800000000003,0.7081396785911954,0.35942457276350864,688.5360000000001,2017_kk_004,Kusko,2017,0.7095681808696634
658,344.79200000000003,0.7094812604060264,0.36186852375416206,689.5840000000001,2017_kk_004,Kusko,2017,0.7095594857752616
659,345.31600000000003,0.7122396228203919,0.3667023833015265,690.6320000000001,2017_kk_004,Kusko,2017,0.7095616276894955
660,345.84000000000003,0.709959250730076,0.36069666907820475,691.6800000000001,2017_kk_004,Kusko,2017,0.7095480026337027
661,346.36400000000003,0.7078747122609523,0.3606392494888702,692.7280000000001,2017_kk_004,Kusko,2017,0.70949230409081
662,346.88800000000003,0.7098318728793093,0.36339849022141346,693.7760000000001,2017_kk_004,Kusko,2017,0.7095294865231037
663,347.41200000000003,0.7063627164477659,0.36060703972829594,694.8240000000001,2017_kk_004,Kusko,2017,0.7095044916374443
664,347.93600000000004,0.7105309990902327,0.3649920770890748,695.8720000000001,2017_kk_004,Kusko,2017,0.7094552845593383
665,348.46000000000004,0.7105127707339406,0.3633693400779367,696.9200000000001,2017_kk_004,Kusko,2017,0.7094684475968448
666,348.98400000000004,0.7111282406892715,0.3588760146311705,697.9680000000001,2017_kk_004,Kusko,2017,0.7094729216792987
667,349.50800000000004,0.7093295251024375,0.3599255202045409,699.0160000000001,2017_kk_004,Kusko,2017,0.7094588760117353
668,350.03200000000004,0.707979445791144,0.35876275433512284,700.0640000000001,2017_kk_004,Kusko,2017,0.7094797324177977
669,350.55600000000004,0.71078094911009,0.3622011262998357,701.1120000000001,2017_kk_004,Kusko,2017,0.7094397804629582
670,351.08000000000004,0.7104186978477348,0.3636210641676429,702.1600000000001,2017_kk_004,Kusko,2017,0.7094173329534196
671,351.60400000000004,0.7101286302732983,0.35644990360820195,703.2080000000001,2017_kk_004,Kusko,2017,0.7095077224629053
672,352.12800000000004,0.7095203885824856,0.3539852471786162,704.2560000000001,2017_kk_004,Kusko,2017,0.7095090114567243
673,352.65200000000004,0.710586404905191,0.35165834308371585,705.3040000000001,2017_kk_004,Kusko,2017,0.7095061791978227
674,353.176,0.7113596304058513,0.3446944213139211,706.352,2017_kk_004,Kusko,2017,0.7094398735237079
675,353.7,0.7101759400371347,0.34568042620261447,707.4,2017_kk_004,Kusko,2017,0.7094273012249607
676,354.224,0.7091280976973442,0.35442189486857545,708.448,2017_kk_004,Kusko,2017,0.7094377691727186
677,354.748,0.7085120225030277,0.3615617617402565,709.496,2017_kk_004,Kusko,2017,0.7094026447353928
678,355.272,0.7103262266441133,0.36531773831052816,710.544,2017_kk_004,Kusko,2017,0.7093602157066308
679,355.796,0.7094307565296952,0.36102260324189306,711.592,2017_kk_004,Kusko,2017,0.7094443328238375
680,356.32,0.7092188662060867,0.35177546776116453,712.64,2017_kk_004,Kusko,2017,0.7094279437007868
681,356.844,0.7137884033919011,0.3456052780036232,713.688,2017_kk_004,Kusko,2017,0.7094228343283768
682,357.368,0.7094107807106081,0.34367812826413763,714.736,2017_kk_004,Kusko,2017,0.7094620053392572
683,357.892,0.7093327869277064,0.3500744075595573,715.784,2017_kk_004,Kusko,2017,0.7094688059229098
684,358.416,0.7097579537542231,0.3532103591578981,716.832,2017_kk_004,Kusko,2017,0.7095318634757464
685,358.94,0.7087060922807144,0.36297616402321486,717.88,2017_kk_004,Kusko,2017,0.7095511329104998
686,359.464,0.7073701233435086,0.35361345766145863,718.928,2017_kk_004,Kusko,2017,0.7095585982249231
687,359.988,0.7072590882111459,0.34964646657236736,719.976,2017_kk_004,Kusko,2017,0.7095731663649509
688,360.512,0.7103075632318516,0.35007496451386916,721.024,2017_kk_004,Kusko,2017,0.7095598340502491
689,361.036,0.7074584913256017,0.35335025884237536,722.072,2017_kk_004,Kusko,2017,0.7095208776588667
690,361.56,0.709373233574025,0.3596067361879545,723.12,2017_kk_004,Kusko,2017,0.709472181671298
691,362.084,0.7081401930043716,0.36745891797774094,724.168,2017_kk_004,Kusko,2017,0.7095170157190878
692,362.608,0.7095412768367625,0.365086234930616,725.216,2017_kk_004,Kusko,2017,0.70954542974494506
693,363.132,0.7098166230852297,0.3649971210682299,726.264,2017_kk_004,Kusko,2017,0.7095859354290636
694,363.656,0.7078242705542621,0.3597158798855815,727.312,2017_kk_004,Kusko,2017,0.7095860092085445
695,364.18,0.7133514576277519,0.3561217657309048,728.36,2017_kk_004,Kusko,2017,0.7095689736287941
696,364.704,0.7096228835452257,0.35712967020750763,729.408,2017_kk_004,Kusko,2017,0.7094919060770405
697,365.228,0.7086367191786963,0.35771121391300115,730.456,2017_kk_004,Kusko,2017,0.7095399809545877
698,365.752,0.7069792814542354,0.3521735003712456,731.504,2017_kk_004,Kusko,2017,0.7095435642624888
699,366.276,0.7078767992310312,0.3485346161677934,732.552,2017_kk_004,Kusko,2017,0.7095382610249801
700,366.8,0.7088109951088843,0.3561871623771287,733.6,2017_kk_004,Kusko,2017,0.7095525022277711
701,367.324,0.7136235374823856,0.3666524326190322,734.648,2017_kk_004,Kusko,2017,0.7095490151473542
702,367.848,0.7090779241712836,0.37065099184376854,735.696,2017_kk_004,Kusko,2017,0.7095315390111904
703,368.372,0.7107163343818995,0.3682682036938609,736.744,2017_kk_004,Kusko,2017,0.7095531338331399
704,368.896,0.7101014898050398,0.3659903652951448,737.792,2017_kk_004,Kusko,2017,0.70952240750771145
705,369.42,0.7079169467738637,0.3520524305813584,738.84,2017_kk_004,Kusko,2017,0.7094797671678882
706,369.944,0.7086207612355067,0.3527254471062776,739.888,2017_kk_004,Kusko,2017,0.7095052517778203
707,370.468,0.7082166366989017,0.35306628832659964,740.936,2017_kk_004,Kusko,2017,0.7095087326199169
708,370.992,0.708669244752365,0.35272879641448496,741.984,2017_kk_004,Kusko,2017,0.709535843216951
709,371.516,0.7118515958450535,0.35220558317445627,743.032,2017_kk_004,Kusko,2017,0.7095053508753015
710,372.04,0.7084284126686149,0.3634713687405855,744.08,2017_kk_004,Kusko,2017,0.7094822745556465
711,372.564,0.7093154119846478,0.3799720189189017,745.128,2017_kk_004,Kusko,2017,0.70946464496097
712,373.088,0.7117769232328583,0.38759221142752354,746.176,2017_kk_004,Kusko,2017,0.7094879856888991
713,373.612,0.7103587114982062,0.3847469831329467,747.224,2017_kk_004,Kusko,2017,0.7094784244337592
714,374.136,0.7127569319759113,0.38637284531983535,748.272,2017_kk_004,Kusko,2017,0.7094749127963914
715,374.66,0.7085804104792331,0.38652060699898966,749.32,2017_kk_004,Kusko,2017,0.7094620343334875
716,375.184,0.7071828978470514,0.38588213670961946,750.368,2017_kk_004,Kusko,2017,0.7094860133016477
717,375.708,0.7090137669928653,0.37814355885888545,751.416,2017_kk_004,Kusko,2017,0.7094651631328914
718,376.232,0.7086813215239166,0.3726507545100272,752.464,2017_kk_004,Kusko,2017,0.709448533013692
719,376.756,0.7099022393374519,0.3686561949508979,753.5120000000001,2017_kk_004,Kusko,2017,0.7094782860070542
720,377.28,0.7070374914759496,0.3684674501774456,754.5600000000001,2017_kk_004,Kusko,2017,0.7095168421265504
721,377.804,0.710564755128341,0.368165080870729,755.6080000000001,2017_kk_004,Kusko,2017,0.7094920618165297
722,378.328,0.7115367144307471,0.37404518690680416,756.6560000000001,2017_kk_004,Kusko,2017,0.7095280730628539
723,378.852,0.7087930574948808,0.3767479403067785,757.7040000000001,2017_kk_004,Kusko,2017,0.7095563055458534
724,379.376,0.710535425859088,0.374165381472952,758.7520000000001,2017_kk_004,Kusko,2017,0.7096635588456095
725,379.9,0.7094906359489181,0.3796975275178691,759.8000000000001,2017_kk_004,Kusko,2017,0.709624576709271
726,380.424,0.7065041875840551,0.3694068672662813,760.8480000000001,2017_kk_004,Kusko,2017,0.7095944014298381
727,380.948,0.7122140177552669,0.3700282036024604,761.8960000000001,2017_kk_004,Kusko,2017,0.7096781874597266
728,381.472,0.70819444426520906,0.36509772494473647,762.9440000000001,2017_kk_004,Kusko,2017,0.7096915902034961
729,381.996,0.7104627548595703,0.36964249835175983,763.9920000000001,2017_kk_004,Kusko,2017,0.7097091441025143
730,382.52,0.7112731700151926,0.37890124122644186,765.0400000000001,2017_kk_004,Kusko,2017,0.7097119938165081
731,383.044,0.709919405448283,0.3758076693223882,766.0880000000001,2017_kk_004,Kusko,2017,0.7096187503294081
732,383.568,0.7084718204126607,0.369096602553838,767.1360000000001,2017_kk_004,Kusko,2017,0.7096470112537948
733,384.092,0.711882094222162,0.364306991252657,768.1840000000001,2017_kk_004,Kusko,2017,0.7096370317933776
734,384.616,0.7095160508801491,0.3638035838000426,769.2320000000001,2017_kk_004,Kusko,2017,0.7096433008456801
735,385.14,0.7076175196477342,0.36716831751531176,770.2800000000001,2017_kk_004,Kusko,2017,0.7096855019100184
736,385.664,0.7106571742932757,0.36691624106680104,771.3280000000001,2017_kk_004,Kusko,2017,0.7096992799182913
737,386.188,0.7087208730288187,0.3662178388334786,772.376,2017_kk_004,Kusko,2017,0.7097801063972199
738,386.712,0.711952862466152,0.3576729379500909,773.424,2017_kk_004,Kusko,2017,0.7098217289773611
739,387.236,0.707601216030731,0.35506223364512246,774.472,2017_kk_004,Kusko,2017,0.7097474097734147
740,387.76,0.7078342870267856,0.35918900544364707,775.52,2017_kk_004,Kusko,2017,0.7097731380715402
741,388.284,0.7127306277113051,0.3659656852353839,776.568,2017_kk_004,Kusko,2017,0.7097577406386968
742,388.808,0.710811224386366,0.3731439765666325,777.616,2017_kk_004,Kusko,2017,0.7097288049062425
743,389.332,0.7087591116193028,0.3688060666444606,778.664,2017_kk_004,Kusko,2017,0.7096935868993494
744,389.856,0.7095472555121586,0.36610283438915026,779.712,2017_kk_004,Kusko,2017,0.709651242921463
745,390.38,0.7079333845064846,0.3579051273895987,780.76,2017_kk_004,Kusko,2017,0.7096793123664414
746,390.904,0.7088088614331225,0.3594494751587568,781.808,2017_kk_004,Kusko,2017,0.7097365396394025
747,391.428,0.7060080780857658,0.35539621950370176,782.856,2017_kk_004,Kusko,2017,0.7097502370724686
748,391.952,0.7093097560798892,0.35641943378869934,783.904,2017_kk_004,Kusko,2017,0.7097583639901057
749,392.476,0.7092436709273339,0.35555570618312443,784.952,2017_kk_004,Kusko,2017,0.7097291200553644
750,393,0.7116866007437964,0.354082327932601,786,2017_kk_004,Kusko,2017,0.7097490514636358
751,393.524,0.7066533744031275,0.3516667087434345,787.048,2017_kk_004,Kusko,2017,0.7097123697663759
752,394.048,0.7117019516162177,0.35184240141067025,788.096,2017_kk_004,Kusko,2017,0.7096634352571527
753,394.572,0.7115105720651992,0.3488446977127232,789.144,2017_kk_004,Kusko,2017,0.7096454993868292
754,395.096,0.7142594685396281,0.35317769038084174,790.192,2017_kk_004,Kusko,2017,0.7096607122848219
755,395.62,0.7110125294474446,0.34839144364596003,791.24,2017_kk_004,Kusko,2017,0.7096416857795192
756,396.144,0.7078123667792494,0.3560510632035109,792.288,2017_kk_004,Kusko,2017,0.7097238458419336
757,396.668,0.7136638809720054,0.35807727340197265,793.336,2017_kk_004,Kusko,2017,0.7097371195598349
758,397.192,0.7077834460804115,0.35385860794170537,794.384,2017_kk_004,Kusko,2017,0.7098135125565481
759,397.716,0.7089300331721156,0.3483393599389178,795.432,2017_kk_004,Kusko,2017,0.7097611332519167
760,398.24,0.7089819779485108,0.3448596247607824,796.48,2017_kk_004,Kusko,2017,0.7097222370865837
761,398.764,0.7080289282563905,0.3497739693701826,797.528,2017_kk_004,Kusko,2017,0.7097281653917483
762,399.288,0.7107735796344834,0.34909521896775814,798.576,2017_kk_004,Kusko,2017,0.7097749099095828
763,399.812,0.7101175667568612,0.3477209389049322,799.624,2017_kk_004,Kusko,2017,0.7097267197040527
764,400.336,0.7104776329431888,0.34536094063065637,800.672,2017_kk_004,Kusko,2017,0.709730390530468
765,400.86,0.7104490106341724,0.3480185532038149,801.72,2017_kk_004,Kusko,2017,0.7097472597063766
766,401.384,0.7094474417318716,0.35002066271607274,802.768,2017_kk_004,Kusko,2017,0.709699043800465
767,401.908,0.713066225434621,0.3479503374314226,803.816,2017_kk_004,Kusko,2017,0.7097251462345754
768,402.432,0.7111665995608356,0.3473376877294088,804.864,2017_kk_004,Kusko,2017,0.7097342351196577
769,402.956,0.7073924436082702,0.34411806114436505,805.912,2017_kk_004,Kusko,2017,0.7097183907884957
770,403.48,0.709972110556152,0.3489581083602739,806.96,2017_kk_004,Kusko,2017,0.7097669297922978
771,404.004,0.7083915660140456,0.35127135726241426,808.008,2017_kk_004,Kusko,2017,0.7097313714315645
772,404.528,0.7100407792855985,0.35275587034086114,809.056,2017_kk_004,Kusko,2017,0.7096539601888056
773,405.052,0.7082456310846211,0.36091488911176767,810.104,2017_kk_004,Kusko,2017,0.7096546036366719
774,405.576,0.7102162933027275,0.35730058078551363,811.152,2017_kk_004,Kusko,2017,0.70962900369083
775,406.1,0.7102645771779442,0.36175319871589856,812.2,2017_kk_004,Kusko,2017,0.7096260760091011
776,406.624,0.7106165342247127,0.36490409115190886,813.248,2017_kk_004,Kusko,2017,0.7095764356785778
777,407.148,0.7098356129768351,0.3651523741080664,814.296,2017_kk_004,Kusko,2017,0.7096964791661293
778,407.672,0.7091689365821323,0.3609982672036702,815.344,2017_kk_004,Kusko,2017,0.7097091780335313
779,408.196,0.708147603252972,0.3565284578947608,816.392,2017_kk_004,Kusko,2017,0.7097754678738359
780,408.72,0.7082333759722305,0.353324008925463,817.44,2017_kk_004,Kusko,2017,0.7097421336040582
781,409.244,0.7083638532927476,0.35574398983650135,818.488,2017_kk_004,Kusko,2017,0.7098307358447707
782,409.768,0.7086006438773608,0.36167091058130774,819.5360000000001,2017_kk_004,Kusko,2017,0.7097736903462464
783,410.292,0.7077169052754673,0.3597312727615951,820.5840000000001,2017_kk_004,Kusko,2017,0.7097874656136395
784,410.816,0.7114481997386415,0.3549441326604255,821.6320000000001,2017_kk_004,Kusko,2017,0.7097538676156643
785,411.34,0.7083490456307625,0.35142329248959314,822.6800000000001,2017_kk_004,Kusko,2017,0.709727407523636
786,411.864,0.7114337913289183,0.3550834539956805,823.7280000000001,2017_kk_004,Kusko,2017,0.7097154829538067
787,412.388,0.7130104408293432,0.35717686033780766,824.7760000000001,2017_kk_004,Kusko,2017,0.7096301364839867
788,412.912,0.7127780240679977,0.3564882016600548,825.8240000000001,2017_kk_004,Kusko,2017,0.7096419046301069
789,413.436,0.7073199965816853,0.35692997761788836,826.8720000000001,2017_kk_004,Kusko,2017,0.7096447926024183
790,413.96,0.7089394000952084,0.3567350723971884,827.9200000000001,2017_kk_004,Kusko,2017,0.7096645017312101
791,414.484,0.7102751037581667,0.35574538671249906,828.9680000000001,2017_kk_004,Kusko,2017,0.709706513673103
792,415.008,0.7112764914827251,0.3543524109636952,830.0160000000001,2017_kk_004,Kusko,2017,0.709744620801507
793,415.532,0.7089906818903592,0.354085117728338,831.0640000000001,2017_kk_004,Kusko,2017,0.7096902141243431
794,416.056,0.7097363004650713,0.3544924992008843,832.1120000000001,2017_kk_004,Kusko,2017,0.7096327742690088
795,416.58,0.7086296702022495,0.35418583380294605,833.1600000000001,2017_kk_004,Kusko,2017,0.7096094533157088
796,417.104,0.7077642199385822,0.3496411774552845,834.2080000000001,2017_kk_004,Kusko,2017,0.7096405206349867
797,417.628,0.7102870190754412,0.35052172728469977,835.2560000000001,2017_kk_004,Kusko,2017,0.7096218632560949
798,418.152,0.7124981955710868,0.35314083439296595,836.3040000000001,2017_kk_004,Kusko,2017,0.7095759839829789
799,418.676,0.7066505561610182,0.3539355940402575,837.3520000000001,2017_kk_004,Kusko,2017,0.7096040070780251
800,419.2000000000001,0.7107466272549088,0.35715512366619284,838.4000000000001,2017_kk_004,Kusko,2017,0.709597786242173
801,419.7240000000001,0.7105971260673078,0.35353258884541605,839.4480000000001,2017_kk_004,Kusko,2017,0.7095586056122223
802,420.248,0.7061665498208283,0.3541331032547533,840.496,2017_kk_004,Kusko,2017,0.7095365504201813
803,420.772,0.7087977184912846,0.3566293841127961,841.544,2017_kk_004,Kusko,2017,0.7096401373112651
804,421.296,0.7080112587616478,0.34866304068345333,842.592,2017_kk_004,Kusko,2017,0.7096367325309121
805,421.82,0.7077577236027458,0.3453595493341995,843.64,2017_kk_004,Kusko,2017,0.7096126729925384
806,422.344,0.7058304416017213,0.3422483119307643,844.688,2017_kk_004,Kusko,2017,0.7096247430592088
807,422.868,0.7132106873388596,0.34534897553531563,845.736,2017_kk_004,Kusko,2017,0.7096352489115055
808,423.392,0.7100716881240092,0.3500535219643124,846.784,2017_kk_004,Kusko,2017,0.7096829169361709
809,423.916,0.7132210613456131,0.35705219439688085,847.832,2017_kk_004,Kusko,2017,0.70969691020044
810,424.44,0.7096865445571354,0.3634635200677333,848.88,2017_kk_004,Kusko,2017,0.7097506919096644
811,424.964,0.7119695088458808,0.36186236533510274,849.928,2017_kk_004,Kusko,2017,0.7098334911158144
812,425.488,0.7082792217047573,0.36072944151626807,850.976,2017_kk_004,Kusko,2017,0.7098829336228931
813,426.012,0.7123370881087843,0.35016352362295017,852.024,2017_kk_004,Kusko,2017,0.7099425863253582
814,426.536,0.7122435886611166,0.3494363931797241,853.072,2017_kk_004,Kusko,2017,0.7099258342038733
815,427.06,0.7094249239257466,0.35461585768941817,854.12,2017_kk_004,Kusko,2017,0.7099850277431252
816,427.584,0.7070968925894952,0.3544210576885734,855.168,2017_kk_004,Kusko,2017,0.7099826507198422
817,428.108,0.7085430927827987,0.3616294888021376,856.216,2017_kk_004,Kusko,2017,0.7099777203701046
818,428.632,0.7084895348476261,0.36328441637402387,857.264,2017_kk_004,Kusko,2017,0.7099381777967236
819,429.156,0.7091033115107989,0.3677788017252055,858.312,2017_kk_004,Kusko,2017,0.7100173793628003
820,429.68,0.7101645256760228,0.3639067717890279,859.36,2017_kk_004,Kusko,2017,0.7100726968929068
821,430.204,0.7105496447699612,0.3629884925662461,860.408,2017_kk_004,Kusko,2017,0.7100826820407676
822,430.728,0.713060007338726,0.35860672471218025,861.456,2017_kk_004,Kusko,2017,0.7100268960146032
823,431.252,0.7068531661270249,0.35180809743716746,862.504,2017_kk_004,Kusko,2017,0.7100023311021182
824,431.776,0.7070312416231351,0.3523004418221525,863.552,2017_kk_004,Kusko,2017,0.7099432096449759
825,432.3,0.7090497534361722,0.34793530265386524,864.6,2017_kk_004,Kusko,2017,0.7099725427910175
826,432.824,0.7113114808885512,0.3494207817287973,865.648,2017_kk_004,Kusko,2017,0.7099981794494372
827,433.348,0.7119467827011123,0.35575069485646615,866.696,2017_kk_004,Kusko,2017,0.7100133653772754
828,433.872,0.7084138431738711,0.3605179773347398,867.744,2017_kk_004,Kusko,2017,0.7099870436374691
829,434.396,0.7090738293110339,0.3573877235588395,868.792,2017_kk_004,Kusko,2017,0.7100158240742291
830,434.92,0.70959886040503,0.35135498889187017,869.84,2017_kk_004,Kusko,2017,0.7099782703480239
831,435.444,0.7060407282169989,0.3513892795875333,870.888,2017_kk_004,Kusko,2017,0.7099424683763622
832,435.968,0.7087174677631458,0.3566039420591086,871.936,2017_kk_004,Kusko,2017,0.7100500033376257
833,436.492,0.714460844549648,0.34998195681967026,872.984,2017_kk_004,Kusko,2017,0.7100825923880526
834,437.016,0.7100120064815483,0.3516034100703364,874.032,2017_kk_004,Kusko,2017,0.7100424855484628
835,437.54,0.7088210048755251,0.3549363155210544,875.08,2017_kk_004,Kusko,2017,0.7100555155564938
836,438.064,0.7113407382249342,0.355400408893803,876.128,2017_kk_004,Kusko,2017,0.7101358063156364
837,438.588,0.710465964114642,0.35760253578946233,877.176,2017_kk_004,Kusko,2017,0.7100935096074897
838,439.112,0.7120290180620532,0.3590555755649217,878.224,2017_kk_004,Kusko,2017,0.7100739113216368
839,439.636,0.7089871991091174,0.35924663393701267,879.272,2017_kk_004,Kusko,2017,0.7100312852229004
840,440.16,0.7114602785256947,0.36294282156558955,880.32,2017_kk_004,Kusko,2017,0.7099940342328985
841,440.684,0.713331805661751,0.36349855919076696,881.368,2017_kk_004,Kusko,2017,0.7099749264656983
842,441.208,0.7115671943020822,0.3636922742960524,882.416,2017_kk_004,Kusko,2017,0.7100005249616788
843,441.732,0.7112960674233758,0.37110255022753313,883.464,2017_kk_004,Kusko,2017,0.7099840840874091
844,442.256,0.710443072449546,0.37168257538730176,884.5120000000001,2017_kk_004,Kusko,2017,0.709965569777675
845,442.78,0.7119006579858786,0.375477338307079,885.5600000000001,2017_kk_004,Kusko,2017,0.709964266523383
846,443.304,0.7112911699319364,0.3753429211303485,886.6080000000001,2017_kk_004,Kusko,2017,0.7100371908450178
847,443.828,0.7127146198450868,0.368969150935103,887.6560000000001,2017_kk_004,Kusko,2017,0.7100841526811289
848,444.352,0.710405469665134,0.3658159332371571,888.7040000000001,2017_kk_004,Kusko,2017,0.7100669075870415
849,444.876,0.7120720905462901,0.3646672210064707,889.7520000000001,2017_kk_004,Kusko,2017,0.7100737395212859
850,445.4,0.7122584519015972,0.36577695597171345,890.8000000000001,2017_kk_004,Kusko,2017,0.7100638949996287
851,445.924,0.7108742126298214,0.3713146117254119,891.8480000000001,2017_kk_004,Kusko,2017,0.710061898465656
852,446.448,0.7079293299128558,0.3704027926876036,892.8960000000001,2017_kk_004,Kusko,2017,0.7099737213826474
853,446.972,0.7075167871412645,0.3713486463627734,893.9440000000001,2017_kk_004,Kusko,2017,0.7100116052248132
854,447.496,0.7061890130365333,0.37193273238501345,894.9920000000001,2017_kk_004,Kusko,2017,0.7100655635935792
855,448.02,0.7103896589647462,0.36772122185957934,896.0400000000001,2017_kk_004,Kusko,2017,0.7100536997076616
856,448.544,0.7093024194437649,0.3703477068635247,897.0880000000001,2017_kk_004,Kusko,2017,0.7099498181657357
857,449.068,0.7111981747457374,0.3749144099014184,898.1360000000001,2017_kk_004,Kusko,2017,0.7099398066349194
858,449.592,0.7109188911827105,0.37281945039425385,899.1840000000001,2017_kk_004,Kusko,2017,0.7099488861598408
859,450.116,0.7083773823666166,0.37396243709869903,900.2320000000001,2017_kk_004,Kusko,2017,0.7099908221328146
860,450.64,0.7084934036825917,0.373916561300729,901.28,2017_kk_004,Kusko,2017,0.7099460916043189
861,451.164,0.7084490077676113,0.36935014309449354,902.328,2017_kk_004,Kusko,2017,0.7099943001519484
862,451.6880000000001,0.7126186474966363,0.3761186368317758,903.376,2017_kk_004,Kusko,2017,0.7100146312975618
863,452.2120000000001,0.710753061516901,0.375322069520368,904.424,2017_kk_004,Kusko,2017,0.7099917394334574
864,452.7360000000001,0.705604848386264,0.37283744604422703,905.472,2017_kk_004,Kusko,2017,0.7099759086769005
865,453.26,0.7085395240846042,0.3750792035313665,906.52,2017_kk_004,Kusko,2017,0.7099691589763395
866,453.784,0.7106478871502818,0.380060817465404,907.568,2017_kk_004,Kusko,2017,0.7099247998985624
867,454.308,0.7106728848500584,0.38474302585138614,908.616,2017_kk_004,Kusko,2017,0.7099360532238659
868,454.832,0.7088957909728337,0.3764823617915488,909.664,2017_kk_004,Kusko,2017,0.7098923324797916
869,455.356,0.710663495421425,0.3753530652897976,910.712,2017_kk_004,Kusko,2017,0.7098641776145574
870,455.88,0.7074514851570208,0.3684668880807584,911.76,2017_kk_004,Kusko,2017,0.7098089684270754
871,456.404,0.710823042813869,0.3690873379851008,912.808,2017_kk_004,Kusko,2017,0.7097544232808987
872,456.928,0.7098151314635843,0.3736219291555117,913.856,2017_kk_004,Kusko,2017,0.7097267775389052
873,457.452,0.7113506356526008,0.3701442488697184,914.904,2017_kk_004,Kusko,2017,0.7096968293330101
874,457.976,0.7111327300770741,0.37184633921813726,915.952,2017_kk_004,Kusko,2017,0.7096879779285638
875,458.5,0.7093467286682276,0.3736987459290369,917,2017_kk_004,Kusko,2017,0.7096277471041491
876,459.024,0.7114723518875823,0.3719392050918283,918.048,2017_kk_004,Kusko,2017,0.7095516533511873
877,459.548,0.7113608029494672,0.367287076000756,919.096,2017_kk_004,Kusko,2017,0.7095315332272277
878,460.072,0.707454829202378,0.36353696326841545,920.144,2017_kk_004,Kusko,2017,0.7094960733107898
879,460.596,0.7095132275654642,0.36277136099927826,921.192,2017_kk_004,Kusko,2017,0.7094029441371169
880,461.12,0.7095738543765951,0.3613770714041739,922.24,2017_kk_004,Kusko,2017,0.7094077569161574
881,461.644,0.7104298527316018,0.35988773180184314,923.288,2017_kk_004,Kusko,2017,0.7093854794146861
882,462.168,0.7077693823581989,0.3579668846616825,924.336,2017_kk_004,Kusko,2017,0.7094140766943152
883,462.692,0.7091261966569755,0.36053058009355554,925.384,2017_kk_004,Kusko,2017,0.7094760531231589
884,463.216,0.7102687437490977,0.3610981320869453,926.432,2017_kk_004,Kusko,2017,0.7095128606392257
885,463.74,0.7083379202811242,0.3598127184267865,927.48,2017_kk_004,Kusko,2017,0.7094570533527081
886,464.264,0.7050785883729908,0.3559390098270069,928.528,2017_kk_004,Kusko,2017,0.709484439585039
887,464.788,0.7113460908521407,0.3554529171861234,929.576,2017_kk_004,Kusko,2017,0.7094557882777842
888,465.312,0.7089586146691478,0.35621678769913884,930.624,2017_kk_004,Kusko,2017,0.7094066882663079
889,465.836,0.7115899876894687,0.3607700581993913,931.672,2017_kk_004,Kusko,2017,0.7094138814038973
890,466.36,0.7069150286952864,0.3589464932190143,932.72,2017_kk_004,Kusko,2017,0.7094403514180462
891,466.884,0.7089332410747793,0.358314854008157,933.768,2017_kk_004,Kusko,2017,0.7094820654682972
892,467.408,0.70993733649995,0.35619275200324513,934.816,2017_kk_004,Kusko,2017,0.7094229480803151
893,467.932,0.7130873327033804,0.354717456783726,935.864,2017_kk_004,Kusko,2017,0.7093769316366447
894,468.456,0.7090621610881327,0.3565625649526001,936.912,2017_kk_004,Kusko,2017,0.7094604334693713
895,468.98,0.708416022841871,0.3531821578521237,937.96,2017_kk_004,Kusko,2017,0.7094972818585236
896,469.504,0.7086791935583056,0.35280974094281375,939.008,2017_kk_004,Kusko,2017,0.709489488941067
897,470.028,0.7111411636328546,0.35251027413297503,940.056,2017_kk_004,Kusko,2017,0.7094724242121869
898,470.552,0.7094057734175928,0.352147834761698,941.104,2017_kk_004,Kusko,2017,0.7094442176329445
899,471.076,0.7072979071950667,0.34865301136304744,942.152,2017_kk_004,Kusko,2017,0.7094077488522619
900,471.6,0.7081477272767677,0.35343889954299457,943.2,2017_kk_004,Kusko,2017,0.7094366725475482
901,472.124,0.7100590968911519,0.3559957337641476,944.248,2017_kk_004,Kusko,2017,0.7093978762524806
902,472.648,0.7099084497824761,0.35642558359676424,945.296,2017_kk_004,Kusko,2017,0.7093854545621798
903,473.172,0.7094991750696764,0.3615612020287311,946.344,2017_kk_004,Kusko,2017,0.7093465127271518
904,473.696,0.7099119881827617,0.3589448151082314,947.392,2017_kk_004,Kusko,2017,0.7093408365916809
905,474.22,0.7082868085210027,0.3579448081595289,948.44,2017_kk_004,Kusko,2017,0.709329398597831
906,474.744,0.706725544754222,0.3603157915542155,949.488,2017_kk_004,Kusko,2017,0.7093219111511248
907,475.268,0.7115074124075144,0.36812293517505296,950.536,2017_kk_004,Kusko,2017,0.7092887254181093
908,475.792,0.7082778746788572,0.3707659738133848,951.584,2017_kk_004,Kusko,2017,0.7093161743543007
909,476.316,0.706484340125914,0.3702116896207373,952.632,2017_kk_004,Kusko,2017,0.7093196301526797
910,476.84,0.7125472186440356,0.37796788869060016,953.68,2017_kk_004,Kusko,2017,0.7093074460764973
911,477.364,0.7095375625415375,0.3813821590482897,954.728,2017_kk_004,Kusko,2017,0.7092747378977374
912,477.888,0.7096451666906025,0.3850989512906709,955.776,2017_kk_004,Kusko,2017,0.7093006765997649
913,478.412,0.7112353728718821,0.39218949164466343,956.824,2017_kk_004,Kusko,2017,0.7092643738400102
914,478.936,0.7083974640005422,0.4043701566671075,957.872,2017_kk_004,Kusko,2017,0.7092588271947188
915,479.46,0.7070412217736965,0.41191801682852314,958.92,2017_kk_004,Kusko,2017,0.7092897319974399
916,479.984,0.7109455933836177,0.417089768373849,959.968,2017_kk_004,Kusko,2017,0.7093529020554317
917,480.508,0.7094790963104444,0.42096390167230474,961.016,2017_kk_004,Kusko,2017,0.7093358811248472
918,481.032,0.7079728904941344,0.41875693255284424,962.064,2017_kk_004,Kusko,2017,0.7093621185883329
919,481.556,0.7088089706219731,0.4260972048396035,963.112,2017_kk_004,Kusko,2017,0.7093298033305893
920,482.08,0.710081604531524,0.4309493993380939,964.16,2017_kk_004,Kusko,2017,0.709375665887461
921,482.604,0.7109518507826663,0.43873838273883214,965.208,2017_kk_004,Kusko,2017,0.7093701696852136
922,483.128,0.7090716042177128,0.45556301899455465,966.256,2017_kk_004,Kusko,2017,0.7093630394381422
923,483.652,0.707992074896675,0.4657514684801487,967.304,2017_kk_004,Kusko,2017,0.7092931620822548
924,484.176,0.7106149583498597,0.47356183362031906,968.352,2017_kk_004,Kusko,2017,0.7092916485481611
925,484.7000000000001,0.7107504274337403,0.4851072568124717,969.4,2017_kk_004,Kusko,2017,0.7093166569209103
926,485.2240000000001,0.710180312102884,0.5046477861826784,970.448,2017_kk_004,Kusko,2017,0.70935488285421
927,485.7480000000001,0.7096490011172508,0.5208816437857302,971.496,2017_kk_004,Kusko,2017,0.7093104384970538
928,486.2720000000001,0.7072033962182881,0.5293787003292458,972.544,2017_kk_004,Kusko,2017,0.709305643754179
929,486.7960000000001,0.7084753685804591,0.541100888291669,973.592,2017_kk_004,Kusko,2017,0.7093241751318327
930,487.32,0.7091869068742,0.5468129820033187,974.64,2017_kk_004,Kusko,2017,0.7093311875190343
931,487.844,0.7084952651098139,0.5508564479659389,975.688,2017_kk_004,Kusko,2017,0.7093135523440623
932,488.368,0.7090698300455403,0.5555074242581488,976.736,2017_kk_004,Kusko,2017,0.7092875786057371
933,488.892,0.7090141255509154,0.5737871700589521,977.784,2017_kk_004,Kusko,2017,0.7092831184073358
934,489.416,0.7107921619488227,0.5821806760321422,978.832,2017_kk_004,Kusko,2017,0.7092697688566166
935,489.94,0.7086604490372322,0.6025136850733189,979.88,2017_kk_004,Kusko,2017,0.7092846352625898
936,490.464,0.7110231050852033,0.6118331980821536,980.928,2017_kk_004,Kusko,2017,0.7093337742499044
937,490.988,0.7093696589685471,0.6212069550387238,981.976,2017_kk_004,Kusko,2017,0.7093031587822671
938,491.512,0.7091017653738579,0.620676301316167,983.024,2017_kk_004,Kusko,2017,0.7093321854796084
939,492.036,0.7097205754682053,0.6356341311147207,984.072,2017_kk_004,Kusko,2017,0.7093770795530906
940,492.56,0.7088428098056444,0.641976275718145,985.12,2017_kk_004,Kusko,2017,0.7093314472165069
941,493.084,0.7084673620060081,0.657412749580441,986.168,2017_kk_004,Kusko,2017,0.7093164313997424
942,493.608,0.7093257044798484,0.6718018530864246,987.216,2017_kk_004,Kusko,2017,0.7093104022537331
943,494.132,0.7069480310716942,0.6823725317615924,988.264,2017_kk_004,Kusko,2017,0.7092829357311131
944,494.656,0.7099359450316186,0.6981439135992076,989.312,2017_kk_004,Kusko,2017,0.7092921170714787
945,495.18,0.7101922084443905,0.7045357535628022,990.36,2017_kk_004,Kusko,2017,0.7093323065021527
946,495.704,0.7088687918524967,0.7129990039796423,991.408,2017_kk_004,Kusko,2017,0.7093014057154778
947,496.228,0.7103248350170758,0.7217254905156062,992.456,2017_kk_004,Kusko,2017,0.7093055047946037
948,496.752,0.7105328624782881,0.732321144886306,993.504,2017_kk_004,Kusko,2017,0.7093364475746214
949,497.276,0.7096510722248488,0.7327531504103254,994.552,2017_kk_004,Kusko,2017,0.7093639368074182
950,497.8,0.7096667821075989,0.738284035128758,995.6,2017_kk_004,Kusko,2017,0.7093631059894389
951,498.324,0.7086034689399306,0.7437969542323457,996.648,2017_kk_004,Kusko,2017,0.7093531523130008
952,498.848,0.7095095216756631,0.7561448557705948,997.696,2017_kk_004,Kusko,2017,0.7093422764693414
953,499.372,0.7088946913501393,0.7700986766382744,998.744,2017_kk_004,Kusko,2017,0.7093863435658269
954,499.896,0.708971349042505,0.7807154675115353,999.792,2017_kk_004,Kusko,2017,0.7093565356900194
955,500.42,0.7099165252068277,0.7905493448824384,1000.84,2017_kk_004,Kusko,2017,0.7093323059282249
956,500.944,0.7109727495562848,0.8089061990249283,1001.888,2017_kk_004,Kusko,2017,0.7093245055062061
957,501.468,0.708474502203479,0.8259573603566996,1002.936,2017_kk_004,Kusko,2017,0.7093222962393547
958,501.992,0.7091180888451115,0.8432016533089174,1003.984,2017_kk_004,Kusko,2017,0.7093737543557229
959,502.516,0.7084097898542845,0.8456855892806027,1005.032,2017_kk_004,Kusko,2017,0.7093775228111479
960,503.04,0.7085684705088704,0.8548867619274925,1006.08,2017_kk_004,Kusko,2017,0.7093794337209001
961,503.564,0.7090009863928283,0.8589620108926913,1007.128,2017_kk_004,Kusko,2017,0.7094146399209458
962,504.088,0.7083500254829592,0.8732220935398555,1008.176,2017_kk_004,Kusko,2017,0.7094239364266173
963,504.612,0.7092315631655948,0.8873054924295858,1009.224,2017_kk_004,Kusko,2017,0.7094392056547398
964,505.136,0.7091110151396135,0.8962874116396954,1010.272,2017_kk_004,Kusko,2017,0.7094125437697254
965,505.66,0.7091787928793948,0.905718226552778,1011.32,2017_kk_004,Kusko,2017,0.709411611597271
966,506.184,0.7096738839930962,0.902821447563535,1012.368,2017_kk_004,Kusko,2017,0.7093625533172749
967,506.708,0.7096704843492745,0.9072622156869689,1013.416,2017_kk_004,Kusko,2017,0.7093747433328158
968,507.232,0.7100194765193362,0.902917229259236,1014.464,2017_kk_004,Kusko,2017,0.7093739800427036
969,507.756,0.7091779845348392,0.911984677607514,1015.512,2017_kk_004,Kusko,2017,0.7093584592080008
970,508.28,0.7098092784490186,0.9111546375629512,1016.56,2017_kk_004,Kusko,2017,0.7093596167245936
971,508.804,0.7086366135356735,0.9090193222716986,1017.608,2017_kk_004,Kusko,2017,0.7093602630069072
972,509.328,0.7092834179300403,0.9124477901782406,1018.656,2017_kk_004,Kusko,2017,0.709347912441326
973,509.852,0.7095873815146818,0.917833735439423,1019.704,2017_kk_004,Kusko,2017,0.7093859494506132
974,510.376,0.7089483444224718,0.9290470017815752,1020.752,2017_kk_004,Kusko,2017,0.70935492553329
975,510.9,0.7094525876141439,0.93202462312859,1021.8,2017_kk_004,Kusko,2017,0.7093486212610217
976,511.424,0.709091546183128,0.9383215679073248,1022.848,2017_kk_004,Kusko,2017,0.7093426351001066
977,511.948,0.7097250410579975,0.9478031293088728,1023.896,2017_kk_004,Kusko,2017,0.7093231288498749
978,512.472,0.7098294572951968,0.9684332361688326,1024.944,2017_kk_004,Kusko,2017,0.7092972933839635
979,512.996,0.7104583245897745,0.9763411457780964,1025.992,2017_kk_004,Kusko,2017,0.7093004073972218
980,513.52,0.7100317554527664,0.9816808704666448,1027.04,2017_kk_004,Kusko,2017,0.7092923274517162
981,514.044,0.710354630196383,0.9791819519133804,1028.088,2017_kk_004,Kusko,2017,0.7093354442058019
982,514.568,0.7084190535981564,0.98609619002703075,1029.136,2017_kk_004,Kusko,2017,0.7093247904212614
983,515.092,0.7106361006858022,0.9799977296300626,1030.184,2017_kk_004,Kusko,2017,0.7093280070270023
984,515.616,0.7088264858014095,0.9834814315763224,1031.232,2017_kk_004,Kusko,2017,0.7093299312763943
985,516.14,0.709296641726075,0.986898076566399,1032.28,2017_kk_004,Kusko,2017,0.7093093744505707
986,516.664,0.7097122867817499,1.0044984801637389,1033.328,2017_kk_004,Kusko,2017,0.7092868628628167
987,517.188,0.7095164451061691,1.0021595884958585,1034.376,2017_kk_004,Kusko,2017,0.7093138410468443
988,517.712,0.7102908832003831,1.0102980695213004,1035.424,2017_kk_004,Kusko,2017,0.7093238171518604
989,518.236,0.7087014759059515,1.0064413954472522,1036.472,2017_kk_004,Kusko,2017,0.7093415144863857
990,518.76,0.7093015614593323,0.9977923291532608,1037.52,2017_kk_004,Kusko,2017,0.7093543121324796
991,519.284,0.7106076371125583,0.9926581643891648,1038.568,2017_kk_004,Kusko,2017,0.7093461985840394
992,519.808,0.7096276203858297,0.9984867271863772,1039.616,2017_kk_004,Kusko,2017,0.7093698979134988
993,520.332,0.7099302792382722,1.0115518148719262,1040.664,2017_kk_004,Kusko,2017,0.7093665105845228
994,520.856,0.7091924488479533,1.0089828444939388,1041.712,2017_kk_004,Kusko,2017,0.709377282315529
995,521.38,0.7086045186899562,1.024173988277504,1042.76,2017_kk_004,Kusko,2017,0.7093766028340723
996,521.904,0.7080796082854466,1.028896163169971,1043.808,2017_kk_004,Kusko,2017,0.7093746615594471
997,522.428,0.7101010599009991,1.0286041757572877,1044.856,2017_kk_004,Kusko,2017,0.7093632552668623
998,522.952,0.7090559679671213,1.034986129650035,1045.904,2017_kk_004,Kusko,2017,0.7093493314928879
999,523.476,0.7087893253860366,1.0393610732152585,1046.952,2017_kk_004,Kusko,2017,0.709347384996874
1000,524,0.7089122608012124,1.0413964068995494,1048,2017_kk_004,Kusko,2017,0.7093212325119016
1001,524.524,0.7085061389448303,1.0501941071372645,1049.048,2017_kk_004,Kusko,2017,0.7093220460725984
1002,525.048,0.7085846705449795,1.063411227218618,1050.096,2017_kk_004,Kusko,2017,0.7093414368004971
1003,525.572,0.7092302516289178,1.0697920603261273,1051.144,2017_kk_004,Kusko,2017,0.7093580412110257
1004,526.096,0.7080745099922303,1.0708115957614386,1052.192,2017_kk_004,Kusko,2017,0.7093738101209567
1005,526.62,0.7098139521082942,1.0654371180870634,1053.24,2017_kk_004,Kusko,2017,0.7093505011310374
1006,527.144,0.7085096221975893,1.0567856273755405,1054.288,2017_kk_004,Kusko,2017,0.7093517221503185
1007,527.668,0.7091544600031795,1.050877685162304,1055.336,2017_kk_004,Kusko,2017,0.7093356626840284
1008,528.192,0.7089827345236042,1.0518036124184311,1056.384,2017_kk_004,Kusko,2017,0.7093277394568029
1009,528.716,0.7098379130203438,1.0646304137897231,1057.432,2017_kk_004,Kusko,2017,0.709311495514292
1010,529.24,0.7091819853772631,1.0828305035885444,1058.48,2017_kk_004,Kusko,2017,0.7092971533488537
1011,529.764,0.7111904741850723,1.0741471251637646,1059.528,2017_kk_004,Kusko,2017,0.7092989891999165
1012,530.288,0.7088702946032353,1.0812240014479826,1060.576,2017_kk_004,Kusko,2017,0.7093295215723079
1013,530.812,0.7090876876945944,1.0882097616184756,1061.624,2017_kk_004,Kusko,2017,0.7093004840334047
1014,531.336,0.7090868040060276,1.1006955343110807,1062.672,2017_kk_004,Kusko,2017,0.7092973874811477
1015,531.86,0.7086831156574105,1.1079038795205618,1063.72,2017_kk_004,Kusko,2017,0.7093048656629832
1016,532.384,0.7096220542910464,1.1071171261122013,1064.768,2017_kk_004,Kusko,2017,0.7092860965636635
1017,532.908,0.7100931932451284,1.113535118434808,1065.816,2017_kk_004,Kusko,2017,0.7092840567105242
1018,533.432,0.7097166551460843,1.0984719129096645,1066.864,2017_kk_004,Kusko,2017,0.7092635960582913
1019,533.956,0.7094716299257993,1.0948678282771145,1067.912,2017_kk_004,Kusko,2017,0.7092753848182966
1020,534.48,0.7093363292745021,1.092850031105124,1068.96,2017_kk_004,Kusko,2017,0.7092794837239976
1021,535.004,0.7085141734864141,1.087269104164057,1070.008,2017_kk_004,Kusko,2017,0.7092664551576888
1022,535.528,0.7097719852505271,1.103517178769177,1071.056,2017_kk_004,Kusko,2017,0.7092778528149888
1023,536.052,0.7090283234270361,1.0995477632356745,1072.104,2017_kk_004,Kusko,2017,0.7092671491806246
1024,536.576,0.709757318999986,1.0902375496044123,1073.152,2017_kk_004,Kusko,2017,0.7092789706179369
1025,537.1,0.7091380239919907,1.0894296351342008,1074.2,2017_kk_004,Kusko,2017,0.7092787266381607
1026,537.624,0.7095574075155833,1.1039773158677737,1075.248,2017_kk_004,Kusko,2017,0.709311800016933
1027,538.148,0.7089861067941926,1.1135484324106737,1076.296,2017_kk_004,Kusko,2017,0.7093004849471426
1028,538.672,0.7091840500808756,1.123879282757692,1077.344,2017_kk_004,Kusko,2017,0.7093096840063109
1029,539.196,0.7090611947739988,1.1243882920317367,1078.392,2017_kk_004,Kusko,2017,0.7093106774336051
1030,539.72,0.7082401293506757,1.115553054101647,1079.44,2017_kk_004,Kusko,2017,0.7093284830832501
1031,540.244,0.7086854271774875,1.1157982900032744,1080.488,2017_kk_004,Kusko,2017,0.7093381370064722
1032,540.768,0.7104468616039616,1.105053222411009,1081.536,2017_kk_004,Kusko,2017,0.7093561078016093
1033,541.292,0.7105836461463951,1.1042190440006798,1082.584,2017_kk_004,Kusko,2017,0.7093464542075884
1034,541.816,0.7098944790183288,1.1081854078651756,1083.632,2017_kk_004,Kusko,2017,0.7093640288857342
1035,542.34,0.7080540482189798,1.1147876346660863,1084.68,2017_kk_004,Kusko,2017,0.7093389107874307
1036,542.864,0.7091648073399985,1.1164820479945714,1085.728,2017_kk_004,Kusko,2017,0.7093473842119153
1037,543.388,0.7087614730805886,1.1053423224325547,1086.776,2017_kk_004,Kusko,2017,0.709345558808085
1038,543.912,0.7093540636616673,1.1010500842122668,1087.824,2017_kk_004,Kusko,2017,0.7093502517978425
1039,544.436,0.7094836880391182,1.0975226278545818,1088.872,2017_kk_004,Kusko,2017,0.7093364812220261
1040,544.96,0.7091712255264714,1.1138102971582189,1089.92,2017_kk_004,Kusko,2017,0.7093291655197305
1041,545.484,0.7104647812601451,1.1168566145187009,1090.968,2017_kk_004,Kusko,2017,0.7093004029692302
1042,546.008,0.7102509959416422,1.1237082900258029,1092.016,2017_kk_004,Kusko,2017,0.7093191166279129
1043,546.532,0.7088938483516161,1.097755479798512,1093.064,2017_kk_004,Kusko,2017,0.7093122476294794
1044,547.056,0.708640692665987,1.0952272574828048,1094.112,2017_kk_004,Kusko,2017,0.7093015299694109
1045,547.58,0.7097453326362051,1.1154894396529522,1095.16,2017_kk_004,Kusko,2017,0.7093014622223921
1046,548.104,0.7085861408225587,1.1212400626425043,1096.208,2017_kk_004,Kusko,2017,0.7093130508724076
1047,548.628,0.7093940539178161,1.1349863318084823,1097.256,2017_kk_004,Kusko,2017,0.7092994046357213
1048,549.152,0.7090632440664139,1.1324646196789183,1098.304,2017_kk_004,Kusko,2017,0.7093016110972671
1049,549.676,0.7094088015062684,1.1247430645419652,1099.352,2017_kk_004,Kusko,2017,0.7092813434712849
1050,550.2,0.7095474958013921,1.1151958113941522,1100.4,2017_kk_004,Kusko,2017,0.7092714781616589
1051,550.724,0.7098259231340347,1.1151148330189709,1101.448,2017_kk_004,Kusko,2017,0.7092925208099599
1052,551.248,0.710311479823825,1.1132803257481427,1102.496,2017_kk_004,Kusko,2017,0.7093048783615186
1053,551.772,0.7092880611764256,1.1243612049842524,1103.544,2017_kk_004,Kusko,2017,0.7093007263383352
